 0 2 3 5 4 4 6 6 11 9 11 15 13 5 17 15 7 18 7 9 6 11 9 13 8 23
2 0 1 3 2 2 4 4 9 7 9 13 11 3 15 13 5 16 5 7 4 9 7 11 6 21
3 1 0 4 1 1 3 3 8 6 8 12 10 2 14 12 4 15 6 8 5 10 8 10 5 20
5 3 4 0 5 5 7 7 12 10 12 16 14 6 18 16 8 19 8 10 1 12 4 14 9 24
4 2 1 5 0 2 2 4 9 7 9 13 11 3 15 13 5 16 7 9 6 11 9 11 6 21
4 2 1 5 2 0 4 2 7 5 7 11 9 1 13 11 3 14 7 9 6 11 9 9 4 19
6 4 3 7 2 4 0 6 11 9 11 15 13 5 17 15 7 18 9 11 8 13 11 13 8 23
6 4 3 7 4 2 6 0 5 7 9 13 11 3 15 13 1 16 9 11 8 13 11 7 2 21
11 9 8 12 9 7 11 5 0 12 14 18 16 8 20 18 4 21 14 16 13 18 16 2 3 26
9 7 6 10 7 5 9 7 12 0 2 6 4 6 8 6 8 9 12 14 11 16 14 14 9 14
11 9 8 12 9 7 11 9 14 2 0 8 2 8 7 4 10 7 14 16 13 18 16 16 11 13
15 13 12 16 13 11 15 13 18 6 8 0 9 12 2 7 14 4 18 20 17 22 20 20 15 8
13 11 10 14 11 9 13 11 16 4 2 9 0 10 7 2 12 5 16 18 15 20 18 18 13 13
5 3 2 6 3 1 5 3 8 6 8 12 10 0 14 12 4 15 8 10 7 12 10 10 5 20
17 15 14 18 15 13 17 15 20 8 7 2 7 14 0 5 16 2 20 22 19 24 22 22 17 6
15 13 12 16 13 11 15 13 18 6 4 7 2 12 5 0 14 3 18 20 17 22 20 20 15 11
7 5 4 8 5 3 7 1 4 8 10 14 12 4 16 14 0 17 10 12 9 14 12 6 1 22
18 16 15 19 16 14 18 16 21 9 7 4 5 15 2 3 17 0 21 23 20 25 23 23 18 8
7 5 6 8 7 7 9 9 14 12 14 18 16 8 20 18 10 21 0 2 9 4 12 16 11 26
9 7 8 10 9 9 11 11 16 14 16 20 18 10 22 20 12 23 2 0 11 2 14 18 13 28
6 4 5 1 6 6 8 8 13 11 13 17 15 7 19 17 9 20 9 11 0 13 5 15 10 25
11 9 10 12 11 11 13 13 18 16 18 22 20 12 24 22 14 25 4 2 13 0 16 20 15 30
9 7 8 4 9 9 11 11 16 14 16 20 18 10 22 20 12 23 12 14 5 16 0 18 13 28
13 11 10 14 11 9 13 7 2 14 16 20 18 10 22 20 6 23 16 18 15 20 18 0 5 28
8 6 5 9 6 4 8 2 3 9 11 15 13 5 17 15 1 18 11 13 10 15 13 5 0 23
23 21 20 24 21 19 23 21 26 14 13 8 13 20 6 11 22 8 26 28 25 30 28 28 100 0
